1 1
1 2
1 3
1 4
1 5
1 6
1 7
1 8
1 9
1 10
1 11
1 12
1 13
1 14
1 15
1 16
1 17
1 18
1 19
1 20
1 40
1 60
1 80
1 100
100 100
1 1000
1 10000
1 100000
1 1000000
1 10000000
1 100000000
1 1000000000
9 12
5 6
123 456
456 789
999 1000
50000 100000
101 111
111 222
333 444
555 666
777 888
999 1110
567 929
4172 25772
6914 26141
6114 22530
3288 21965
4628 6417
4661 7987
8376 8593
1837 7146
12912 15123
4616 7737
3680 26427
11478 15080
4942 6185
23530 25938
3585 19768
3852 4540
12237 26603
17617 20965
2777 19748
22 8158
3264 9879
1583 19228
7786 22655
11311 15308
12993 32655
38 102
1746 2860
456 22917
3450 18393
11989 14326
872 28147
12190 24847
1355 2206
6367 11586
7100 15007
15507 31347
3014 28181
1441 7637
4075 10135
2282 9239
17251 31556
13742 18560
6239 13761
10554 11501
20500 30951
5801 31777
973 4280
70 1629
4053 5272
1964 3120
19403155 188337297
443273022 490621350
11507011 59737045
21851745 28022269
220519756 385338390
0 0